{
 "cells": [
  {
   "cell_type": "markdown",
   "metadata": {},
   "source": [
    "# Correlation analyis\n",
    "[Lecture](https://ithogskolan.sharepoint.com/:v:/s/AI23/EVM3kTeo1gFDiQuMElQ-1YcBP1UTThO601abub20Xf9LxQ?e=vezjHz)  \n",
    "- correlation analysis is a statistical technique used to esamine the strength and direction of the relationship between two or more variables. It involves analysing the degree to which changes in one variable is associated with changes in another variable.\n",
    "  \n",
    "### Pandas .corr() method\n",
    "- Claculates the the correlation coefficients between all pairs of features in dataframe, and returns a new dataframe where the number of rows and columns both "
   ]
  },
  {
   "cell_type": "code",
   "execution_count": 2,
   "metadata": {},
   "outputs": [],
   "source": [
    "import pandas as pd\n",
    "import seaborn as sns\n",
    "import warnings\n",
    "\n",
    "warnings.filterwarnings(\"ignore\", \"is_categorical_dtype\")\n",
    "warnings.filterwarnings(\"ignore\", \"use_inf_as_na\")\n",
    "warnings.filterwarnings(\"ignore\", \"The figure layout has changed to tight\")\n",
    "warnings.filterwarnings(\"ignore\", \"The default of observed=False is deprecated and will be changed to True in a future version of pandas. Pass observed=False to retain current behavior or observed=True to adopt the future default and silence this warning.\")\n",
    "warnings.filterwarnings(\"ignore\", \"is_sparse is deprecated and will be removed in a future version. Check `isinstance(dtype, pd.SparseDtype)` instead. if is_sparse(pd_dtype):\")"
   ]
  },
  {
   "cell_type": "markdown",
   "metadata": {},
   "source": [
    "Läser in data på .json format, som vi sparade i L09. Där all categorical data ersatt med numerisk data, så att säga."
   ]
  },
  {
   "cell_type": "code",
   "execution_count": 5,
   "metadata": {},
   "outputs": [
    {
     "data": {
      "text/html": [
       "<div>\n",
       "<style scoped>\n",
       "    .dataframe tbody tr th:only-of-type {\n",
       "        vertical-align: middle;\n",
       "    }\n",
       "\n",
       "    .dataframe tbody tr th {\n",
       "        vertical-align: top;\n",
       "    }\n",
       "\n",
       "    .dataframe thead th {\n",
       "        text-align: right;\n",
       "    }\n",
       "</style>\n",
       "<table border=\"1\" class=\"dataframe\">\n",
       "  <thead>\n",
       "    <tr style=\"text-align: right;\">\n",
       "      <th></th>\n",
       "      <th>survived</th>\n",
       "      <th>pclass</th>\n",
       "      <th>sex</th>\n",
       "      <th>age</th>\n",
       "      <th>sibsp</th>\n",
       "      <th>parch</th>\n",
       "      <th>fare</th>\n",
       "      <th>embarked</th>\n",
       "      <th>class</th>\n",
       "      <th>who</th>\n",
       "      <th>adult_male</th>\n",
       "      <th>deck</th>\n",
       "      <th>embark_town</th>\n",
       "      <th>alive</th>\n",
       "      <th>alone</th>\n",
       "    </tr>\n",
       "  </thead>\n",
       "  <tbody>\n",
       "    <tr>\n",
       "      <th>0</th>\n",
       "      <td>0</td>\n",
       "      <td>3</td>\n",
       "      <td>1</td>\n",
       "      <td>22.0</td>\n",
       "      <td>1</td>\n",
       "      <td>0</td>\n",
       "      <td>7.2500</td>\n",
       "      <td>0.0</td>\n",
       "      <td>2</td>\n",
       "      <td>1</td>\n",
       "      <td>1</td>\n",
       "      <td>7</td>\n",
       "      <td>2</td>\n",
       "      <td>0</td>\n",
       "      <td>0</td>\n",
       "    </tr>\n",
       "    <tr>\n",
       "      <th>1</th>\n",
       "      <td>1</td>\n",
       "      <td>1</td>\n",
       "      <td>0</td>\n",
       "      <td>38.0</td>\n",
       "      <td>1</td>\n",
       "      <td>0</td>\n",
       "      <td>71.2833</td>\n",
       "      <td>1.0</td>\n",
       "      <td>0</td>\n",
       "      <td>2</td>\n",
       "      <td>0</td>\n",
       "      <td>2</td>\n",
       "      <td>0</td>\n",
       "      <td>1</td>\n",
       "      <td>0</td>\n",
       "    </tr>\n",
       "    <tr>\n",
       "      <th>2</th>\n",
       "      <td>1</td>\n",
       "      <td>3</td>\n",
       "      <td>0</td>\n",
       "      <td>26.0</td>\n",
       "      <td>0</td>\n",
       "      <td>0</td>\n",
       "      <td>7.9250</td>\n",
       "      <td>0.0</td>\n",
       "      <td>2</td>\n",
       "      <td>2</td>\n",
       "      <td>0</td>\n",
       "      <td>7</td>\n",
       "      <td>2</td>\n",
       "      <td>1</td>\n",
       "      <td>1</td>\n",
       "    </tr>\n",
       "    <tr>\n",
       "      <th>3</th>\n",
       "      <td>1</td>\n",
       "      <td>1</td>\n",
       "      <td>0</td>\n",
       "      <td>35.0</td>\n",
       "      <td>1</td>\n",
       "      <td>0</td>\n",
       "      <td>53.1000</td>\n",
       "      <td>0.0</td>\n",
       "      <td>0</td>\n",
       "      <td>2</td>\n",
       "      <td>0</td>\n",
       "      <td>2</td>\n",
       "      <td>2</td>\n",
       "      <td>1</td>\n",
       "      <td>0</td>\n",
       "    </tr>\n",
       "    <tr>\n",
       "      <th>4</th>\n",
       "      <td>0</td>\n",
       "      <td>3</td>\n",
       "      <td>1</td>\n",
       "      <td>35.0</td>\n",
       "      <td>0</td>\n",
       "      <td>0</td>\n",
       "      <td>8.0500</td>\n",
       "      <td>0.0</td>\n",
       "      <td>2</td>\n",
       "      <td>1</td>\n",
       "      <td>1</td>\n",
       "      <td>7</td>\n",
       "      <td>2</td>\n",
       "      <td>0</td>\n",
       "      <td>1</td>\n",
       "    </tr>\n",
       "  </tbody>\n",
       "</table>\n",
       "</div>"
      ],
      "text/plain": [
       "   survived  pclass  sex   age  sibsp  parch     fare  embarked  class  who  \\\n",
       "0         0       3    1  22.0      1      0   7.2500       0.0      2    1   \n",
       "1         1       1    0  38.0      1      0  71.2833       1.0      0    2   \n",
       "2         1       3    0  26.0      0      0   7.9250       0.0      2    2   \n",
       "3         1       1    0  35.0      1      0  53.1000       0.0      0    2   \n",
       "4         0       3    1  35.0      0      0   8.0500       0.0      2    1   \n",
       "\n",
       "   adult_male  deck  embark_town  alive  alone  \n",
       "0           1     7            2      0      0  \n",
       "1           0     2            0      1      0  \n",
       "2           0     7            2      1      1  \n",
       "3           0     2            2      1      0  \n",
       "4           1     7            2      0      1  "
      ]
     },
     "execution_count": 5,
     "metadata": {},
     "output_type": "execute_result"
    }
   ],
   "source": [
    "titanic = pd.read_json(\"../Data/titanic_encoded.json\")\n",
    "titanic.head()"
   ]
  },
  {
   "cell_type": "code",
   "execution_count": 6,
   "metadata": {},
   "outputs": [
    {
     "data": {
      "text/html": [
       "<div>\n",
       "<style scoped>\n",
       "    .dataframe tbody tr th:only-of-type {\n",
       "        vertical-align: middle;\n",
       "    }\n",
       "\n",
       "    .dataframe tbody tr th {\n",
       "        vertical-align: top;\n",
       "    }\n",
       "\n",
       "    .dataframe thead th {\n",
       "        text-align: right;\n",
       "    }\n",
       "</style>\n",
       "<table border=\"1\" class=\"dataframe\">\n",
       "  <thead>\n",
       "    <tr style=\"text-align: right;\">\n",
       "      <th></th>\n",
       "      <th>survived</th>\n",
       "      <th>pclass</th>\n",
       "      <th>sex</th>\n",
       "      <th>age</th>\n",
       "      <th>sibsp</th>\n",
       "      <th>parch</th>\n",
       "      <th>fare</th>\n",
       "      <th>embarked</th>\n",
       "      <th>class</th>\n",
       "      <th>who</th>\n",
       "      <th>adult_male</th>\n",
       "      <th>deck</th>\n",
       "      <th>embark_town</th>\n",
       "      <th>alive</th>\n",
       "      <th>alone</th>\n",
       "    </tr>\n",
       "  </thead>\n",
       "  <tbody>\n",
       "    <tr>\n",
       "      <th>survived</th>\n",
       "      <td>1.000000</td>\n",
       "      <td>-0.338481</td>\n",
       "      <td>-0.543351</td>\n",
       "      <td>-0.077221</td>\n",
       "      <td>-0.035322</td>\n",
       "      <td>0.081629</td>\n",
       "      <td>0.257307</td>\n",
       "      <td>0.108669</td>\n",
       "      <td>-0.338481</td>\n",
       "      <td>0.325753</td>\n",
       "      <td>-0.557080</td>\n",
       "      <td>-0.294804</td>\n",
       "      <td>-0.163517</td>\n",
       "      <td>1.000000</td>\n",
       "      <td>-0.203367</td>\n",
       "    </tr>\n",
       "    <tr>\n",
       "      <th>pclass</th>\n",
       "      <td>-0.338481</td>\n",
       "      <td>1.000000</td>\n",
       "      <td>0.131900</td>\n",
       "      <td>-0.369226</td>\n",
       "      <td>0.083081</td>\n",
       "      <td>0.018443</td>\n",
       "      <td>-0.549500</td>\n",
       "      <td>0.043835</td>\n",
       "      <td>1.000000</td>\n",
       "      <td>-0.196793</td>\n",
       "      <td>0.094035</td>\n",
       "      <td>0.743251</td>\n",
       "      <td>0.157112</td>\n",
       "      <td>-0.338481</td>\n",
       "      <td>0.135207</td>\n",
       "    </tr>\n",
       "    <tr>\n",
       "      <th>sex</th>\n",
       "      <td>-0.543351</td>\n",
       "      <td>0.131900</td>\n",
       "      <td>1.000000</td>\n",
       "      <td>0.093254</td>\n",
       "      <td>-0.114631</td>\n",
       "      <td>-0.245489</td>\n",
       "      <td>-0.182333</td>\n",
       "      <td>-0.118593</td>\n",
       "      <td>0.131900</td>\n",
       "      <td>-0.639773</td>\n",
       "      <td>0.908578</td>\n",
       "      <td>0.118282</td>\n",
       "      <td>0.104057</td>\n",
       "      <td>-0.543351</td>\n",
       "      <td>0.303646</td>\n",
       "    </tr>\n",
       "    <tr>\n",
       "      <th>age</th>\n",
       "      <td>-0.077221</td>\n",
       "      <td>-0.369226</td>\n",
       "      <td>0.093254</td>\n",
       "      <td>1.000000</td>\n",
       "      <td>-0.308247</td>\n",
       "      <td>-0.189119</td>\n",
       "      <td>0.096067</td>\n",
       "      <td>0.012186</td>\n",
       "      <td>-0.369226</td>\n",
       "      <td>0.378685</td>\n",
       "      <td>0.280328</td>\n",
       "      <td>-0.267987</td>\n",
       "      <td>-0.025252</td>\n",
       "      <td>-0.077221</td>\n",
       "      <td>0.198270</td>\n",
       "    </tr>\n",
       "    <tr>\n",
       "      <th>sibsp</th>\n",
       "      <td>-0.035322</td>\n",
       "      <td>0.083081</td>\n",
       "      <td>-0.114631</td>\n",
       "      <td>-0.308247</td>\n",
       "      <td>1.000000</td>\n",
       "      <td>0.414838</td>\n",
       "      <td>0.159651</td>\n",
       "      <td>-0.060606</td>\n",
       "      <td>0.083081</td>\n",
       "      <td>-0.136003</td>\n",
       "      <td>-0.253586</td>\n",
       "      <td>0.041333</td>\n",
       "      <td>0.066654</td>\n",
       "      <td>-0.035322</td>\n",
       "      <td>-0.584471</td>\n",
       "    </tr>\n",
       "    <tr>\n",
       "      <th>parch</th>\n",
       "      <td>0.081629</td>\n",
       "      <td>0.018443</td>\n",
       "      <td>-0.245489</td>\n",
       "      <td>-0.189119</td>\n",
       "      <td>0.414838</td>\n",
       "      <td>1.000000</td>\n",
       "      <td>0.216225</td>\n",
       "      <td>-0.079320</td>\n",
       "      <td>0.018443</td>\n",
       "      <td>-0.055682</td>\n",
       "      <td>-0.349943</td>\n",
       "      <td>-0.031308</td>\n",
       "      <td>0.038322</td>\n",
       "      <td>0.081629</td>\n",
       "      <td>-0.583398</td>\n",
       "    </tr>\n",
       "    <tr>\n",
       "      <th>fare</th>\n",
       "      <td>0.257307</td>\n",
       "      <td>-0.549500</td>\n",
       "      <td>-0.182333</td>\n",
       "      <td>0.096067</td>\n",
       "      <td>0.159651</td>\n",
       "      <td>0.216225</td>\n",
       "      <td>1.000000</td>\n",
       "      <td>0.063462</td>\n",
       "      <td>-0.549500</td>\n",
       "      <td>0.146290</td>\n",
       "      <td>-0.182024</td>\n",
       "      <td>-0.525994</td>\n",
       "      <td>-0.221226</td>\n",
       "      <td>0.257307</td>\n",
       "      <td>-0.271832</td>\n",
       "    </tr>\n",
       "    <tr>\n",
       "      <th>embarked</th>\n",
       "      <td>0.108669</td>\n",
       "      <td>0.043835</td>\n",
       "      <td>-0.118593</td>\n",
       "      <td>0.012186</td>\n",
       "      <td>-0.060606</td>\n",
       "      <td>-0.079320</td>\n",
       "      <td>0.063462</td>\n",
       "      <td>1.000000</td>\n",
       "      <td>0.043835</td>\n",
       "      <td>0.103240</td>\n",
       "      <td>-0.110351</td>\n",
       "      <td>-0.042195</td>\n",
       "      <td>-0.760766</td>\n",
       "      <td>0.108669</td>\n",
       "      <td>0.018867</td>\n",
       "    </tr>\n",
       "    <tr>\n",
       "      <th>class</th>\n",
       "      <td>-0.338481</td>\n",
       "      <td>1.000000</td>\n",
       "      <td>0.131900</td>\n",
       "      <td>-0.369226</td>\n",
       "      <td>0.083081</td>\n",
       "      <td>0.018443</td>\n",
       "      <td>-0.549500</td>\n",
       "      <td>0.043835</td>\n",
       "      <td>1.000000</td>\n",
       "      <td>-0.196793</td>\n",
       "      <td>0.094035</td>\n",
       "      <td>0.743251</td>\n",
       "      <td>0.157112</td>\n",
       "      <td>-0.338481</td>\n",
       "      <td>0.135207</td>\n",
       "    </tr>\n",
       "    <tr>\n",
       "      <th>who</th>\n",
       "      <td>0.325753</td>\n",
       "      <td>-0.196793</td>\n",
       "      <td>-0.639773</td>\n",
       "      <td>0.378685</td>\n",
       "      <td>-0.136003</td>\n",
       "      <td>-0.055682</td>\n",
       "      <td>0.146290</td>\n",
       "      <td>0.103240</td>\n",
       "      <td>-0.196793</td>\n",
       "      <td>1.000000</td>\n",
       "      <td>-0.437532</td>\n",
       "      <td>-0.153766</td>\n",
       "      <td>-0.060177</td>\n",
       "      <td>0.325753</td>\n",
       "      <td>0.006540</td>\n",
       "    </tr>\n",
       "    <tr>\n",
       "      <th>adult_male</th>\n",
       "      <td>-0.557080</td>\n",
       "      <td>0.094035</td>\n",
       "      <td>0.908578</td>\n",
       "      <td>0.280328</td>\n",
       "      <td>-0.253586</td>\n",
       "      <td>-0.349943</td>\n",
       "      <td>-0.182024</td>\n",
       "      <td>-0.110351</td>\n",
       "      <td>0.094035</td>\n",
       "      <td>-0.437532</td>\n",
       "      <td>1.000000</td>\n",
       "      <td>0.098553</td>\n",
       "      <td>0.088725</td>\n",
       "      <td>-0.557080</td>\n",
       "      <td>0.404744</td>\n",
       "    </tr>\n",
       "    <tr>\n",
       "      <th>deck</th>\n",
       "      <td>-0.294804</td>\n",
       "      <td>0.743251</td>\n",
       "      <td>0.118282</td>\n",
       "      <td>-0.267987</td>\n",
       "      <td>0.041333</td>\n",
       "      <td>-0.031308</td>\n",
       "      <td>-0.525994</td>\n",
       "      <td>-0.042195</td>\n",
       "      <td>0.743251</td>\n",
       "      <td>-0.153766</td>\n",
       "      <td>0.098553</td>\n",
       "      <td>1.000000</td>\n",
       "      <td>0.191735</td>\n",
       "      <td>-0.294804</td>\n",
       "      <td>0.137515</td>\n",
       "    </tr>\n",
       "    <tr>\n",
       "      <th>embark_town</th>\n",
       "      <td>-0.163517</td>\n",
       "      <td>0.157112</td>\n",
       "      <td>0.104057</td>\n",
       "      <td>-0.025252</td>\n",
       "      <td>0.066654</td>\n",
       "      <td>0.038322</td>\n",
       "      <td>-0.221226</td>\n",
       "      <td>-0.760766</td>\n",
       "      <td>0.157112</td>\n",
       "      <td>-0.060177</td>\n",
       "      <td>0.088725</td>\n",
       "      <td>0.191735</td>\n",
       "      <td>1.000000</td>\n",
       "      <td>-0.163517</td>\n",
       "      <td>0.065610</td>\n",
       "    </tr>\n",
       "    <tr>\n",
       "      <th>alive</th>\n",
       "      <td>1.000000</td>\n",
       "      <td>-0.338481</td>\n",
       "      <td>-0.543351</td>\n",
       "      <td>-0.077221</td>\n",
       "      <td>-0.035322</td>\n",
       "      <td>0.081629</td>\n",
       "      <td>0.257307</td>\n",
       "      <td>0.108669</td>\n",
       "      <td>-0.338481</td>\n",
       "      <td>0.325753</td>\n",
       "      <td>-0.557080</td>\n",
       "      <td>-0.294804</td>\n",
       "      <td>-0.163517</td>\n",
       "      <td>1.000000</td>\n",
       "      <td>-0.203367</td>\n",
       "    </tr>\n",
       "    <tr>\n",
       "      <th>alone</th>\n",
       "      <td>-0.203367</td>\n",
       "      <td>0.135207</td>\n",
       "      <td>0.303646</td>\n",
       "      <td>0.198270</td>\n",
       "      <td>-0.584471</td>\n",
       "      <td>-0.583398</td>\n",
       "      <td>-0.271832</td>\n",
       "      <td>0.018867</td>\n",
       "      <td>0.135207</td>\n",
       "      <td>0.006540</td>\n",
       "      <td>0.404744</td>\n",
       "      <td>0.137515</td>\n",
       "      <td>0.065610</td>\n",
       "      <td>-0.203367</td>\n",
       "      <td>1.000000</td>\n",
       "    </tr>\n",
       "  </tbody>\n",
       "</table>\n",
       "</div>"
      ],
      "text/plain": [
       "             survived    pclass       sex       age     sibsp     parch  \\\n",
       "survived     1.000000 -0.338481 -0.543351 -0.077221 -0.035322  0.081629   \n",
       "pclass      -0.338481  1.000000  0.131900 -0.369226  0.083081  0.018443   \n",
       "sex         -0.543351  0.131900  1.000000  0.093254 -0.114631 -0.245489   \n",
       "age         -0.077221 -0.369226  0.093254  1.000000 -0.308247 -0.189119   \n",
       "sibsp       -0.035322  0.083081 -0.114631 -0.308247  1.000000  0.414838   \n",
       "parch        0.081629  0.018443 -0.245489 -0.189119  0.414838  1.000000   \n",
       "fare         0.257307 -0.549500 -0.182333  0.096067  0.159651  0.216225   \n",
       "embarked     0.108669  0.043835 -0.118593  0.012186 -0.060606 -0.079320   \n",
       "class       -0.338481  1.000000  0.131900 -0.369226  0.083081  0.018443   \n",
       "who          0.325753 -0.196793 -0.639773  0.378685 -0.136003 -0.055682   \n",
       "adult_male  -0.557080  0.094035  0.908578  0.280328 -0.253586 -0.349943   \n",
       "deck        -0.294804  0.743251  0.118282 -0.267987  0.041333 -0.031308   \n",
       "embark_town -0.163517  0.157112  0.104057 -0.025252  0.066654  0.038322   \n",
       "alive        1.000000 -0.338481 -0.543351 -0.077221 -0.035322  0.081629   \n",
       "alone       -0.203367  0.135207  0.303646  0.198270 -0.584471 -0.583398   \n",
       "\n",
       "                 fare  embarked     class       who  adult_male      deck  \\\n",
       "survived     0.257307  0.108669 -0.338481  0.325753   -0.557080 -0.294804   \n",
       "pclass      -0.549500  0.043835  1.000000 -0.196793    0.094035  0.743251   \n",
       "sex         -0.182333 -0.118593  0.131900 -0.639773    0.908578  0.118282   \n",
       "age          0.096067  0.012186 -0.369226  0.378685    0.280328 -0.267987   \n",
       "sibsp        0.159651 -0.060606  0.083081 -0.136003   -0.253586  0.041333   \n",
       "parch        0.216225 -0.079320  0.018443 -0.055682   -0.349943 -0.031308   \n",
       "fare         1.000000  0.063462 -0.549500  0.146290   -0.182024 -0.525994   \n",
       "embarked     0.063462  1.000000  0.043835  0.103240   -0.110351 -0.042195   \n",
       "class       -0.549500  0.043835  1.000000 -0.196793    0.094035  0.743251   \n",
       "who          0.146290  0.103240 -0.196793  1.000000   -0.437532 -0.153766   \n",
       "adult_male  -0.182024 -0.110351  0.094035 -0.437532    1.000000  0.098553   \n",
       "deck        -0.525994 -0.042195  0.743251 -0.153766    0.098553  1.000000   \n",
       "embark_town -0.221226 -0.760766  0.157112 -0.060177    0.088725  0.191735   \n",
       "alive        0.257307  0.108669 -0.338481  0.325753   -0.557080 -0.294804   \n",
       "alone       -0.271832  0.018867  0.135207  0.006540    0.404744  0.137515   \n",
       "\n",
       "             embark_town     alive     alone  \n",
       "survived       -0.163517  1.000000 -0.203367  \n",
       "pclass          0.157112 -0.338481  0.135207  \n",
       "sex             0.104057 -0.543351  0.303646  \n",
       "age            -0.025252 -0.077221  0.198270  \n",
       "sibsp           0.066654 -0.035322 -0.584471  \n",
       "parch           0.038322  0.081629 -0.583398  \n",
       "fare           -0.221226  0.257307 -0.271832  \n",
       "embarked       -0.760766  0.108669  0.018867  \n",
       "class           0.157112 -0.338481  0.135207  \n",
       "who            -0.060177  0.325753  0.006540  \n",
       "adult_male      0.088725 -0.557080  0.404744  \n",
       "deck            0.191735 -0.294804  0.137515  \n",
       "embark_town     1.000000 -0.163517  0.065610  \n",
       "alive          -0.163517  1.000000 -0.203367  \n",
       "alone           0.065610 -0.203367  1.000000  "
      ]
     },
     "execution_count": 6,
     "metadata": {},
     "output_type": "execute_result"
    }
   ],
   "source": [
    "# Nu kör vi corr() metoden på datan:\n",
    "correlation_matrix = titanic.corr()\n",
    "correlation_matrix"
   ]
  },
  {
   "cell_type": "markdown",
   "metadata": {},
   "source": [
    "# Här finns mer för mig att kolla på föreläsningen om jag orkar...."
   ]
  }
 ],
 "metadata": {
  "kernelspec": {
   "display_name": "databeh",
   "language": "python",
   "name": "python3"
  },
  "language_info": {
   "codemirror_mode": {
    "name": "ipython",
    "version": 3
   },
   "file_extension": ".py",
   "mimetype": "text/x-python",
   "name": "python",
   "nbconvert_exporter": "python",
   "pygments_lexer": "ipython3",
   "version": "3.11.5"
  }
 },
 "nbformat": 4,
 "nbformat_minor": 2
}
